0.015625
0.0390625
0.03125
0.0546875
0.1796875
0.203125
0.328125
0.34375
0.3359375
0.34375
0.3828125
0.3359375
0.4296875
0.4921875
0.4609375
0.515625
0.5703125
0.65625
0.703125
0.8046875
0.828125
0.84375
0.8515625
0.8515625
0.890625
0.921875
0.9296875
0.9296875
0.9453125
0.9609375
0.984375
1.0
1.0
1.0
1.0
1.0
1.0
1.0
1.0
1.0
0.9921875
1.0
1.0
1.0
1.0
1.0
1.0
1.0
1.0
1.0
1.0
1.0
0.9921875
1.0
1.0
1.0
1.0
1.0
1.0
0.9921875
0.9921875
1.0
1.0
1.0
1.0
1.0
1.0
1.0
1.0
1.0
1.0
1.0
1.0
1.0
1.0
1.0
1.0
1.0
1.0
1.0
1.0
1.0
1.0
1.0
1.0
1.0
1.0
1.0
1.0
1.0
1.0
1.0
1.0
1.0
1.0
1.0
1.0
1.0
1.0
1.0
1.0
1.0
1.0
1.0
1.0
1.0
1.0
1.0
1.0
1.0
1.0
1.0
1.0
1.0
1.0
1.0
1.0
1.0
1.0
1.0
1.0
1.0
1.0
1.0
1.0
1.0
1.0
1.0
0.9921875
0.984375
1.0
1.0
1.0
1.0
1.0
1.0
1.0
1.0
1.0
1.0
1.0
1.0
1.0
1.0
1.0
1.0
1.0
1.0
1.0
1.0
1.0
1.0
1.0
0.984375
1.0
1.0
1.0
1.0
1.0
1.0
1.0
0.9921875
1.0
1.0
1.0
1.0
1.0
1.0
1.0
1.0
1.0
1.0
1.0
1.0
1.0
1.0
1.0
1.0
1.0
1.0
1.0
1.0
1.0
1.0
1.0
1.0
1.0
1.0
1.0
1.0
1.0
1.0
1.0
1.0
1.0
1.0
1.0
1.0
1.0
1.0
1.0
1.0
0.9921875
0.9921875
1.0
1.0
1.0
1.0
1.0
1.0
1.0
1.0
1.0
1.0
1.0
1.0
1.0
1.0
1.0
1.0
0.9921875
1.0
1.0
1.0
1.0
1.0
1.0
1.0
1.0
1.0
1.0
1.0
1.0
1.0
1.0
1.0
1.0
1.0
1.0
1.0
0.9921875
1.0
1.0
1.0
1.0
0.9921875
1.0
1.0
1.0
1.0
1.0
1.0
1.0
1.0
1.0
0.9921875
0.9921875
0.9921875
1.0
1.0
1.0
1.0
1.0
1.0
1.0
1.0
1.0
1.0
0.9921875
0.9921875
1.0
1.0
1.0
1.0
1.0
1.0
1.0
1.0
1.0
1.0
1.0
1.0
1.0
1.0
1.0
0.9921875
1.0
1.0
0.9921875
0.9921875
1.0
1.0
1.0
1.0
1.0
0.9921875
1.0
0.9921875
1.0
1.0
1.0
1.0
1.0
1.0
1.0
1.0
1.0
1.0
1.0
1.0
1.0
1.0
1.0
1.0
1.0
1.0
1.0
1.0
1.0
1.0
1.0
1.0
1.0
1.0
1.0
1.0
1.0
1.0
0.984375
1.0
1.0
1.0
1.0
1.0
0.9921875
1.0
1.0
1.0
0.9921875
1.0
0.9921875
1.0
1.0
1.0
1.0
1.0
1.0
1.0
1.0
1.0
1.0
1.0
1.0
1.0
1.0
1.0
1.0
1.0
1.0
1.0
1.0
1.0
1.0
1.0
1.0
1.0
1.0
0.9921875
0.9921875
1.0
1.0
1.0
1.0
1.0
1.0
1.0
1.0
1.0
1.0
1.0
1.0
1.0
1.0
1.0
1.0
1.0
1.0
1.0
1.0
1.0
1.0
1.0
1.0
1.0
1.0
1.0
1.0
1.0
1.0
0.9921875
0.9921875
0.9921875
0.9921875
1.0
0.984375
0.9921875
1.0
1.0
1.0
1.0
1.0
1.0
1.0
1.0
0.9921875
1.0
1.0
1.0
1.0
1.0
1.0
1.0
1.0
1.0
1.0
1.0
1.0
1.0
1.0
1.0
1.0
1.0
1.0
1.0
1.0
1.0
1.0
1.0
1.0
1.0
0.9921875
0.9921875
1.0
1.0
1.0
1.0
1.0
1.0
1.0
1.0
1.0
1.0
1.0
1.0
1.0
1.0
1.0
1.0
1.0
1.0
1.0
1.0
0.9921875
1.0
1.0
1.0
1.0
0.9921875
0.9921875
1.0
0.9921875
1.0
1.0
0.9921875
0.9921875
1.0
1.0
1.0
1.0
1.0
1.0
1.0
1.0
1.0
1.0
1.0
1.0
1.0
1.0
1.0
1.0
1.0
1.0
1.0
0.9921875
0.9921875
0.9921875
1.0
1.0
1.0
