0.12359619140625
0.25
0.36187744140625
0.4306640625
0.55084228515625
0.5625
0.586181640625
0.6103515625
0.635009765625
0.67291259765625
0.685791015625
0.685791015625
0.7119140625
0.7119140625
0.7119140625
0.7119140625
0.7119140625
0.738525390625
0.738525390625
0.77935791015625
0.793212890625
0.83551025390625
0.83551025390625
0.83551025390625
0.86431884765625
0.89361572265625
0.89361572265625
0.89361572265625
0.89361572265625
0.92340087890625
0.9384765625
1.0
1.0
1.0
1.0
1.0
1.0
1.0
1.0
1.0
0.968994140625
1.0
1.0
1.0
1.0
1.0
1.0
1.0
1.0
1.0
1.0
1.0
0.968994140625
1.0
1.0
1.0
1.0
1.0
1.0
0.968994140625
0.968994140625
1.0
1.0
1.0
1.0
1.0
1.0
1.0
1.0
1.0
1.0
1.0
1.0
1.0
1.0
1.0
1.0
1.0
1.0
1.0
1.0
1.0
1.0
1.0
1.0
1.0
1.0
1.0
1.0
1.0
1.0
1.0
1.0
1.0
1.0
1.0
1.0
1.0
1.0
1.0
1.0
1.0
1.0
1.0
1.0
1.0
1.0
1.0
1.0
1.0
1.0
1.0
1.0
1.0
1.0
1.0
1.0
1.0
1.0
1.0
1.0
1.0
1.0
1.0
1.0
1.0
1.0
1.0
0.968994140625
0.9384765625
1.0
1.0
1.0
1.0
1.0
1.0
1.0
1.0
1.0
1.0
1.0
1.0
1.0
1.0
1.0
1.0
1.0
1.0
1.0
1.0
1.0
1.0
1.0
0.9384765625
1.0
1.0
1.0
1.0
1.0
1.0
1.0
0.968994140625
1.0
1.0
1.0
1.0
1.0
1.0
1.0
1.0
1.0
1.0
1.0
1.0
1.0
1.0
1.0
1.0
1.0
1.0
1.0
1.0
1.0
1.0
1.0
1.0
1.0
1.0
1.0
1.0
1.0
1.0
1.0
1.0
1.0
1.0
1.0
1.0
1.0
1.0
1.0
1.0
0.968994140625
0.968994140625
1.0
1.0
1.0
1.0
1.0
1.0
1.0
1.0
1.0
1.0
1.0
1.0
1.0
1.0
1.0
1.0
0.968994140625
1.0
1.0
1.0
1.0
1.0
1.0
1.0
1.0
1.0
1.0
1.0
1.0
1.0
1.0
1.0
1.0
1.0
1.0
1.0
0.968994140625
1.0
1.0
1.0
1.0
0.968994140625
1.0
1.0
1.0
1.0
1.0
1.0
1.0
1.0
1.0
0.968994140625
0.968994140625
0.968994140625
1.0
1.0
1.0
1.0
1.0
1.0
1.0
1.0
1.0
1.0
0.968994140625
0.968994140625
1.0
1.0
1.0
1.0
1.0
1.0
1.0
1.0
1.0
1.0
1.0
1.0
1.0
1.0
1.0
0.968994140625
1.0
1.0
0.968994140625
0.968994140625
1.0
1.0
1.0
1.0
1.0
0.968994140625
1.0
0.968994140625
1.0
1.0
1.0
1.0
1.0
1.0
1.0
1.0
1.0
1.0
1.0
1.0
1.0
1.0
1.0
1.0
1.0
1.0
1.0
1.0
1.0
1.0
1.0
1.0
1.0
1.0
1.0
1.0
1.0
1.0
0.9384765625
1.0
1.0
1.0
1.0
1.0
0.968994140625
1.0
1.0
1.0
0.968994140625
1.0
0.968994140625
1.0
1.0
1.0
1.0
1.0
1.0
1.0
1.0
1.0
1.0
1.0
1.0
1.0
1.0
1.0
1.0
1.0
1.0
1.0
1.0
1.0
1.0
1.0
1.0
1.0
1.0
0.968994140625
0.968994140625
1.0
1.0
1.0
1.0
1.0
1.0
1.0
1.0
1.0
1.0
1.0
1.0
1.0
1.0
1.0
1.0
1.0
1.0
1.0
1.0
1.0
1.0
1.0
1.0
1.0
1.0
1.0
1.0
1.0
1.0
0.968994140625
0.968994140625
0.968994140625
0.968994140625
1.0
0.95367431640625
0.968994140625
1.0
1.0
1.0
1.0
1.0
1.0
1.0
1.0
0.968994140625
1.0
1.0
1.0
1.0
1.0
1.0
1.0
1.0
1.0
1.0
1.0
1.0
1.0
1.0
1.0
1.0
1.0
1.0
1.0
1.0
1.0
1.0
1.0
1.0
1.0
0.968994140625
0.968994140625
1.0
1.0
1.0
1.0
1.0
1.0
1.0
1.0
1.0
1.0
1.0
1.0
1.0
1.0
1.0
1.0
1.0
1.0
1.0
1.0
0.968994140625
1.0
1.0
1.0
1.0
0.968994140625
0.968994140625
1.0
0.968994140625
1.0
1.0
0.968994140625
0.968994140625
1.0
1.0
1.0
1.0
1.0
1.0
1.0
1.0
1.0
1.0
1.0
1.0
1.0
1.0
1.0
1.0
1.0
1.0
1.0
0.968994140625
0.968994140625
0.968994140625
1.0
1.0
1.0
