0.000244140625
0.00152587890625
0.0009765625
0.00299072265625
0.03228759765625
0.041259765625
0.107666015625
0.1181640625
0.11285400390625
0.1181640625
0.14654541015625
0.11285400390625
0.18463134765625
0.24224853515625
0.21246337890625
0.265869140625
0.32525634765625
0.4306640625
0.494384765625
0.64752197265625
0.685791015625
0.7119140625
0.72515869140625
0.72515869140625
0.793212890625
0.849853515625
0.86431884765625
0.86431884765625
0.89361572265625
0.92340087890625
0.968994140625
1.0
1.0
1.0
1.0
1.0
1.0
1.0
1.0
1.0
0.98443603515625
1.0
1.0
1.0
1.0
1.0
1.0
1.0
1.0
1.0
1.0
1.0
0.98443603515625
1.0
1.0
1.0
1.0
1.0
1.0
0.98443603515625
0.98443603515625
1.0
1.0
1.0
1.0
1.0
1.0
1.0
1.0
1.0
1.0
1.0
1.0
1.0
1.0
1.0
1.0
1.0
1.0
1.0
1.0
1.0
1.0
1.0
1.0
1.0
1.0
1.0
1.0
1.0
1.0
1.0
1.0
1.0
1.0
1.0
1.0
1.0
1.0
1.0
1.0
1.0
1.0
1.0
1.0
1.0
1.0
1.0
1.0
1.0
1.0
1.0
1.0
1.0
1.0
1.0
1.0
1.0
1.0
1.0
1.0
1.0
1.0
1.0
1.0
1.0
1.0
1.0
0.98443603515625
0.968994140625
1.0
1.0
1.0
1.0
1.0
1.0
1.0
1.0
1.0
1.0
1.0
1.0
1.0
1.0
1.0
1.0
1.0
1.0
1.0
1.0
1.0
1.0
1.0
0.968994140625
1.0
1.0
1.0
1.0
1.0
1.0
1.0
0.98443603515625
1.0
1.0
1.0
1.0
1.0
1.0
1.0
1.0
1.0
1.0
1.0
1.0
1.0
1.0
1.0
1.0
1.0
1.0
1.0
1.0
1.0
1.0
1.0
1.0
1.0
1.0
1.0
1.0
1.0
1.0
1.0
1.0
1.0
1.0
1.0
1.0
1.0
1.0
1.0
1.0
0.98443603515625
0.98443603515625
1.0
1.0
1.0
1.0
1.0
1.0
1.0
1.0
1.0
1.0
1.0
1.0
1.0
1.0
1.0
1.0
0.98443603515625
1.0
1.0
1.0
1.0
1.0
1.0
1.0
1.0
1.0
1.0
1.0
1.0
1.0
1.0
1.0
1.0
1.0
1.0
1.0
0.98443603515625
1.0
1.0
1.0
1.0
0.98443603515625
1.0
1.0
1.0
1.0
1.0
1.0
1.0
1.0
1.0
0.98443603515625
0.98443603515625
0.98443603515625
1.0
1.0
1.0
1.0
1.0
1.0
1.0
1.0
1.0
1.0
0.98443603515625
0.98443603515625
1.0
1.0
1.0
1.0
1.0
1.0
1.0
1.0
1.0
1.0
1.0
1.0
1.0
1.0
1.0
0.98443603515625
1.0
1.0
0.98443603515625
0.98443603515625
1.0
1.0
1.0
1.0
1.0
0.98443603515625
1.0
0.98443603515625
1.0
1.0
1.0
1.0
1.0
1.0
1.0
1.0
1.0
1.0
1.0
1.0
1.0
1.0
1.0
1.0
1.0
1.0
1.0
1.0
1.0
1.0
1.0
1.0
1.0
1.0
1.0
1.0
1.0
1.0
0.968994140625
1.0
1.0
1.0
1.0
1.0
0.98443603515625
1.0
1.0
1.0
0.98443603515625
1.0
0.98443603515625
1.0
1.0
1.0
1.0
1.0
1.0
1.0
1.0
1.0
1.0
1.0
1.0
1.0
1.0
1.0
1.0
1.0
1.0
1.0
1.0
1.0
1.0
1.0
1.0
1.0
1.0
0.98443603515625
0.98443603515625
1.0
1.0
1.0
1.0
1.0
1.0
1.0
1.0
1.0
1.0
1.0
1.0
1.0
1.0
1.0
1.0
1.0
1.0
1.0
1.0
1.0
1.0
1.0
1.0
1.0
1.0
1.0
1.0
1.0
1.0
0.98443603515625
0.98443603515625
0.98443603515625
0.98443603515625
1.0
0.968994140625
0.98443603515625
1.0
1.0
1.0
1.0
1.0
1.0
1.0
1.0
0.98443603515625
1.0
1.0
1.0
1.0
1.0
1.0
1.0
1.0
1.0
1.0
1.0
1.0
1.0
1.0
1.0
1.0
1.0
1.0
1.0
1.0
1.0
1.0
1.0
1.0
1.0
0.98443603515625
0.98443603515625
1.0
1.0
1.0
1.0
1.0
1.0
1.0
1.0
1.0
1.0
1.0
1.0
1.0
1.0
1.0
1.0
1.0
1.0
1.0
1.0
0.98443603515625
1.0
1.0
1.0
1.0
0.98443603515625
0.98443603515625
1.0
0.98443603515625
1.0
1.0
0.98443603515625
0.98443603515625
1.0
1.0
1.0
1.0
1.0
1.0
1.0
1.0
1.0
1.0
1.0
1.0
1.0
1.0
1.0
1.0
1.0
1.0
1.0
0.98443603515625
0.98443603515625
0.98443603515625
1.0
1.0
1.0
